x	exact	n1	n2	n3	n4	n5	n8	n12	n20	n30	n50
0.000000	2.000000	0.000000	0.000000	0.000000	0.000000	0.000000	0.000000	0.000000	0.000000	0.000000	0.000000
0.002004	2.000000	0.003758	0.015000	0.034595	0.050745	0.061900	0.164649	0.309820	0.312723	0.325271	0.320945
0.004008	2.000000	0.007515	0.029940	0.068868	0.100778	0.122671	0.320633	0.587291	0.595043	0.615982	0.606772
0.006012	2.000000	0.011273	0.044819	0.102819	0.150105	0.182325	0.468269	0.834891	0.848862	0.874733	0.860356
0.008016	2.000000	0.015030	0.059638	0.136450	0.198731	0.240876	0.607862	1.054954	1.076013	1.103981	1.084386
0.010020	2.000000	0.018788	0.074397	0.169762	0.246661	0.298336	0.739712	1.249676	1.278267	1.306048	1.281375
0.012024	2.000000	0.022545	0.089096	0.202757	0.293900	0.354718	0.864110	1.421119	1.457325	1.483121	1.453673
0.014028	2.000000	0.026303	0.103735	0.235434	0.340455	0.410034	0.981340	1.571219	1.614824	1.637265	1.603471
0.016032	2.000000	0.030060	0.118313	0.267796	0.386329	0.464297	1.091678	1.701793	1.752332	1.770420	1.732811
0.018036	2.000000	0.033818	0.132831	0.299844	0.431529	0.517518	1.195391	1.814544	1.871353	1.884412	1.843596
0.020040	2.000000	0.037575	0.147289	0.331579	0.476059	0.569711	1.292742	1.911063	1.973325	1.980958	1.937593
0.022044	2.000000	0.041333	0.161686	0.363001	0.519924	0.620888	1.383985	1.992841	2.059622	2.061665	2.016447
0.024048	2.000000	0.045090	0.176023	0.394113	0.563130	0.671059	1.469366	2.061268	2.131552	2.128041	2.081681
0.026052	2.000000	0.048848	0.190300	0.424916	0.605682	0.720238	1.549126	2.117642	2.190361	2.181496	2.134706
0.028056	2.000000	0.052605	0.204517	0.455410	0.647585	0.768436	1.623498	2.163172	2.237235	2.223348	2.176828
0.030060	2.000000	0.056363	0.218674	0.485597	0.688843	0.815666	1.692710	2.198981	2.273296	2.254827	2.209255
0.032064	2.000000	0.060120	0.232770	0.515478	0.729463	0.861938	1.756981	2.226114	2.299608	2.277077	2.233098
0.034068	2.000000	0.063878	0.246806	0.545054	0.769448	0.907264	1.816526	2.245540	2.317175	2.291164	2.249381
0.036072	2.000000	0.067635	0.260782	0.574327	0.808805	0.951656	1.871553	2.258156	2.326946	2.298074	2.259046
0.038076	2.000000	0.071393	0.274698	0.603297	0.847538	0.995125	1.922263	2.264791	2.329812	2.298726	2.262955
0.040080	2.000000	0.075150	0.288553	0.631966	0.885652	1.037683	1.968853	2.266210	2.326610	2.293963	2.261900
0.042084	2.000000	0.078908	0.302348	0.660335	0.923152	1.079341	2.011512	2.263117	2.318126	2.284568	2.256601
0.044088	2.000000	0.082665	0.316083	0.688405	0.960043	1.120110	2.050424	2.256161	2.305093	2.271258	2.247717
0.046092	2.000000	0.086423	0.329758	0.716178	0.996330	1.160001	2.085767	2.245935	2.288195	2.254694	2.235845
0.048096	2.000000	0.090180	0.343372	0.743654	1.032018	1.199026	2.117716	2.232981	2.268067	2.235478	2.221526
0.050100	2.000000	0.093938	0.356926	0.770834	1.067111	1.237194	2.146438	2.217795	2.245299	2.214162	2.205251
0.052104	2.000000	0.097695	0.370420	0.797721	1.101616	1.274518	2.172095	2.200827	2.220436	2.191247	2.187460
0.054108	2.000000	0.101453	0.383854	0.824315	1.135536	1.311007	2.194844	2.182485	2.193977	2.167185	2.168548
0.056112	2.000000	0.105210	0.397227	0.850617	1.168876	1.346673	2.214837	2.163138	2.166383	2.142386	2.148870
0.058116	2.000000	0.108968	0.410541	0.876629	1.201642	1.381525	2.232223	2.143116	2.138074	2.117218	2.128739
0.060120	2.000000	0.112725	0.423793	0.902351	1.233838	1.415576	2.247142	2.122718	2.109432	2.092008	2.108433
0.062124	2.000000	0.116483	0.436986	0.927785	1.265469	1.448834	2.259734	2.102206	2.080801	2.067049	2.088199
0.064128	2.000000	0.120240	0.450119	0.952932	1.296539	1.481310	2.270130	2.081817	2.052492	2.042597	2.068248
0.066132	2.000000	0.123998	0.463191	0.977793	1.327054	1.513015	2.278460	2.061755	2.024783	2.018875	2.048767
0.068136	2.000000	0.127756	0.476203	1.002370	1.357018	1.543959	2.284848	2.042200	1.997919	1.996080	2.029915
0.070140	2.000000	0.131513	0.489155	1.026664	1.386436	1.574151	2.289413	2.023309	1.972115	1.974376	2.011827
0.072144	2.000000	0.135271	0.502046	1.050675	1.415312	1.603603	2.292270	2.005213	1.947559	1.953905	1.994615
0.074148	2.000000	0.139028	0.514877	1.074405	1.443652	1.632323	2.293532	1.988027	1.924412	1.934781	1.978373
0.076152	2.000000	0.142786	0.527648	1.097855	1.471460	1.660322	2.293306	1.971842	1.902808	1.917097	1.963175
0.078156	2.000000	0.146543	0.540359	1.121027	1.498741	1.687609	2.291694	1.956733	1.882860	1.900928	1.949080
0.080160	2.000000	0.150301	0.553010	1.143921	1.525499	1.714195	2.288797	1.942760	1.864656	1.886325	1.936128
0.082164	2.000000	0.154058	0.565600	1.166539	1.551739	1.740088	2.284710	1.929968	1.848265	1.873325	1.924351
0.084168	2.000000	0.157816	0.578130	1.188882	1.577465	1.765298	2.279526	1.918386	1.833736	1.861949	1.913763
0.086172	2.000000	0.161573	0.590600	1.210951	1.602683	1.789836	2.273333	1.908032	1.821100	1.852200	1.904372
0.088176	2.000000	0.165331	0.603010	1.232748	1.627396	1.813709	2.266215	1.898914	1.810371	1.844071	1.896172
0.090180	2.000000	0.169088	0.615359	1.254273	1.651609	1.836928	2.258256	1.891029	1.801547	1.837543	1.889151
0.092184	2.000000	0.172846	0.627648	1.275527	1.675328	1.859502	2.249532	1.884363	1.794615	1.832585	1.883288
0.094188	2.000000	0.176603	0.639877	1.296513	1.698555	1.881439	2.240119	1.878897	1.789545	1.829156	1.878556
0.096192	2.000000	0.180361	0.652046	1.317230	1.721297	1.902750	2.230089	1.874603	1.786297	1.827207	1.874922
0.098196	2.000000	0.184118	0.664154	1.337681	1.743557	1.923442	2.219511	1.871447	1.784821	1.826683	1.872347
0.100200	2.000000	0.187876	0.676202	1.357866	1.765339	1.943525	2.208450	1.869389	1.785057	1.827520	1.870788
0.102204	2.000000	0.191633	0.688190	1.377787	1.786649	1.963008	2.196969	1.868384	1.786937	1.829651	1.870201
0.104208	2.000000	0.195391	0.700118	1.397444	1.807491	1.981899	2.185128	1.868385	1.790384	1.833003	1.870535
0.106212	2.000000	0.199148	0.711985	1.416840	1.827868	2.000208	2.172985	1.869339	1.795315	1.837497	1.871740
0.108216	2.000000	0.202906	0.723792	1.435975	1.847786	2.017942	2.160593	1.871191	1.801644	1.843056	1.873762
0.110220	2.000000	0.206663	0.735539	1.454850	1.867249	2.035110	2.148005	1.873884	1.809276	1.849595	1.876546
0.112224	2.000000	0.210421	0.747226	1.473467	1.886261	2.051721	2.135270	1.877359	1.818116	1.857031	1.880037
0.114228	2.000000	0.214178	0.758852	1.491826	1.904827	2.067784	2.122435	1.881555	1.828064	1.865279	1.884179
0.116232	2.000000	0.217936	0.770419	1.509930	1.922950	2.083306	2.109544	1.886412	1.839017	1.874253	1.888917
0.118236	2.000000	0.221693	0.781925	1.527778	1.940636	2.098295	2.096640	1.891868	1.850874	1.883866	1.894193
0.120240	2.000000	0.225451	0.793370	1.545373	1.957888	2.112761	2.083761	1.897862	1.863528	1.894033	1.899953
0.122244	2.000000	0.229208	0.804756	1.562715	1.974711	2.126710	2.070946	1.904331	1.876875	1.904671	1.906141
0.124248	2.000000	0.232966	0.816081	1.579807	1.991109	2.140151	2.058230	1.911216	1.890812	1.915694	1.912705
0.126253	2.000000	0.236723	0.827346	1.596647	2.007086	2.153093	2.045645	1.918457	1.905234	1.927022	1.919592
0.128257	2.000000	0.240481	0.838551	1.613240	2.022647	2.165542	2.033225	1.925995	1.920039	1.938576	1.926750
0.130261	2.000000	0.244238	0.849695	1.629584	2.037795	2.177507	2.020996	1.933773	1.935127	1.950278	1.934130
0.132265	2.000000	0.247996	0.860780	1.645682	2.052535	2.188995	2.008988	1.941735	1.950400	1.962053	1.941684
0.134269	2.000000	0.251754	0.871804	1.661534	2.066871	2.200014	1.997225	1.949828	1.965762	1.973829	1.949365
0.136273	2.000000	0.255511	0.882768	1.677142	2.080808	2.210572	1.985731	1.957999	1.981121	1.985539	1.957130
0.138277	2.000000	0.259269	0.893671	1.692507	2.094348	2.220676	1.974528	1.966200	1.996387	1.997115	1.964935
0.140281	2.000000	0.263026	0.904514	1.707631	2.107497	2.230333	1.963636	1.974383	2.011476	2.008498	1.972741
0.142285	2.000000	0.266784	0.915298	1.722514	2.120258	2.239552	1.953074	1.982502	2.026306	2.019627	1.980508
0.144289	2.000000	0.270541	0.926020	1.737157	2.132636	2.248339	1.942859	1.990515	2.040800	2.030447	1.988201
0.146293	2.000000	0.274299	0.936683	1.751562	2.144635	2.256701	1.933007	1.998382	2.054884	2.040909	1.995785
0.148297	2.000000	0.278056	0.947285	1.765730	2.156258	2.264646	1.923531	2.006065	2.068490	2.050964	2.003228
0.150301	2.000000	0.281814	0.957827	1.779663	2.167510	2.272181	1.914445	2.013528	2.081554	2.060569	2.010499
0.152305	2.000000	0.285571	0.968309	1.793360	2.178395	2.279313	1.905759	2.020740	2.094017	2.069685	2.017571
0.154309	2.000000	0.289329	0.978731	1.806825	2.188916	2.286048	1.897483	2.027671	2.105825	2.078275	2.024417
0.156313	2.000000	0.293086	0.989092	1.820056	2.199078	2.292395	1.889626	2.034292	2.116929	2.086307	2.031015
0.158317	2.000000	0.296844	0.999394	1.833057	2.208885	2.298359	1.882196	2.040581	2.127284	2.093754	2.037341
0.160321	2.000000	0.300601	1.009634	1.845828	2.218340	2.303947	1.875199	2.046514	2.136850	2.100592	2.043376
0.162325	2.000000	0.304359	1.019815	1.858370	2.227447	2.309166	1.868640	2.052072	2.145594	2.106800	2.049102
0.164329	2.000000	0.308116	1.029936	1.870685	2.236211	2.314023	1.862522	2.057238	2.153486	2.112361	2.054503
0.166333	2.000000	0.311874	1.039996	1.882773	2.244636	2.318523	1.856849	2.061998	2.160502	2.117263	2.059564
0.168337	2.000000	0.315631	1.049996	1.894636	2.252724	2.322675	1.851624	2.066339	2.166621	2.121494	2.064274
0.170341	2.000000	0.319389	1.059936	1.906275	2.260480	2.326484	1.846846	2.070252	2.171829	2.125051	2.068621
0.172345	2.000000	0.323146	1.069815	1.917691	2.267908	2.329956	1.842516	2.073730	2.176116	2.127928	2.072596
0.174349	2.000000	0.326904	1.079634	1.928886	2.275012	2.333098	1.838633	2.076768	2.179476	2.130128	2.076193
0.176353	2.000000	0.330661	1.089393	1.939860	2.281795	2.335916	1.835196	2.079362	2.181908	2.131652	2.079406
0.178357	2.000000	0.334419	1.099092	1.950615	2.288262	2.338416	1.832201	2.081512	2.183414	2.132509	2.082229
0.180361	2.000000	0.338176	1.108730	1.961153	2.294415	2.340605	1.829647	2.083218	2.184003	2.132706	2.084662
0.182365	2.000000	0.341934	1.118309	1.971473	2.300259	2.342488	1.827528	2.084484	2.183685	2.132256	2.086702
0.184369	2.000000	0.345691	1.127827	1.981577	2.305797	2.344071	1.825840	2.085315	2.182475	2.131173	2.088349
0.186373	2.000000	0.349449	1.137285	1.991467	2.311034	2.345360	1.824578	2.085717	2.180393	2.129475	2.089605
0.188377	2.000000	0.353206	1.146682	2.001144	2.315972	2.346362	1.823735	2.085699	2.177459	2.127179	2.090473
0.190381	2.000000	0.356964	1.156019	2.010609	2.320615	2.347081	1.823306	2.085270	2.173701	2.124308	2.090957
0.192385	2.000000	0.360721	1.165297	2.019863	2.324968	2.347524	1.823283	2.084441	2.169146	2.120884	2.091060
0.194389	2.000000	0.364479	1.174513	2.028907	2.329034	2.347696	1.823658	2.083226	2.163825	2.116933	2.090791
0.196393	2.000000	0.368236	1.183670	2.037743	2.332816	2.347603	1.824423	2.081637	2.157774	2.112480	2.090155
0.198397	2.000000	0.371994	1.192766	2.046371	2.336318	2.347250	1.825569	2.079691	2.151028	2.107555	2.089161
0.200401	2.000000	0.375752	1.201802	2.054793	2.339543	2.346644	1.827088	2.077402	2.143626	2.102185	2.087817
0.202405	2.000000	0.379509	1.210778	2.063010	2.342496	2.345788	1.828969	2.074788	2.135610	2.096403	2.086135
0.204409	2.000000	0.383267	1.219694	2.071024	2.345179	2.344689	1.831203	2.071868	2.127021	2.090239	2.084124
0.206413	2.000000	0.387024	1.228549	2.078834	2.347596	2.343353	1.833780	2.068659	2.117905	2.083726	2.081796
0.208417	2.000000	0.390782	1.237344	2.086444	2.349752	2.341783	1.836688	2.065181	2.108307	2.076896	2.079164
0.210421	2.000000	0.394539	1.246079	2.093853	2.351648	2.339986	1.839918	2.061454	2.098274	2.069784	2.076239
0.212425	2.000000	0.398297	1.254754	2.101063	2.353289	2.337966	1.843457	2.057498	2.087853	2.062424	2.073037
0.214429	2.000000	0.402054	1.263368	2.108076	2.354678	2.335729	1.847294	2.053335	2.077095	2.054850	2.069571
0.216433	2.000000	0.405812	1.271923	2.114891	2.355819	2.333279	1.851418	2.048985	2.066047	2.047097	2.065856
0.218437	2.000000	0.409569	1.280417	2.121512	2.356715	2.330622	1.855816	2.044471	2.054760	2.039199	2.061907
0.220441	2.000000	0.413327	1.288850	2.127938	2.357369	2.327762	1.860476	2.039813	2.043283	2.031191	2.057739
0.222445	2.000000	0.417084	1.297224	2.134171	2.357785	2.324704	1.865387	2.035033	2.031666	2.023107	2.053370
0.224449	2.000000	0.420842	1.305537	2.140212	2.357966	2.321454	1.870535	2.030153	2.019959	2.014981	2.048816
0.226453	2.000000	0.424599	1.313790	2.146062	2.357916	2.318015	1.875908	2.025195	2.008211	2.006847	2.044092
0.228457	2.000000	0.428357	1.321983	2.151723	2.357637	2.314392	1.881494	2.020180	1.996471	1.998737	2.039218
0.230461	2.000000	0.432114	1.330115	2.157196	2.357134	2.310590	1.887278	2.015130	1.984787	1.990684	2.034209
0.232465	2.000000	0.435872	1.338187	2.162481	2.356409	2.306614	1.893250	2.010065	1.973205	1.982719	2.029084
0.234469	2.000000	0.439629	1.346199	2.167580	2.355466	2.302467	1.899395	2.005006	1.961772	1.974873	2.023860
0.236473	2.000000	0.443387	1.354151	2.172495	2.354308	2.298155	1.905701	1.999974	1.950532	1.967176	2.018556
0.238477	2.000000	0.447144	1.362043	2.177226	2.352938	2.293682	1.912154	1.994988	1.939530	1.959656	2.013190
0.240481	2.000000	0.450902	1.369874	2.181775	2.351360	2.289052	1.918742	1.990067	1.928807	1.952341	2.007779
0.242485	2.000000	0.454659	1.377645	2.186143	2.349576	2.284269	1.925453	1.985231	1.918403	1.945257	2.002342
0.244489	2.000000	0.458417	1.385356	2.190330	2.347590	2.279338	1.932272	1.980497	1.908358	1.938430	1.996897
0.246493	2.000000	0.462174	1.393006	2.194339	2.345406	2.274262	1.939187	1.975883	1.898708	1.931882	1.991462
0.248497	2.000000	0.465932	1.400597	2.198170	2.343025	2.269047	1.946185	1.971405	1.889489	1.925638	1.986055
0.250501	2.000000	0.469689	1.408127	2.201825	2.340452	2.263695	1.953253	1.967081	1.880733	1.919717	1.980695
0.252505	2.000000	0.473447	1.415597	2.205304	2.337690	2.258211	1.960379	1.962924	1.872472	1.914140	1.975398
0.254509	2.000000	0.477204	1.423006	2.208610	2.334741	2.252598	1.967551	1.958950	1.864733	1.908925	1.970182
0.256513	2.000000	0.480962	1.430356	2.211742	2.331608	2.246862	1.974754	1.955172	1.857545	1.904088	1.965065
0.258517	2.000000	0.484719	1.437645	2.214703	2.328296	2.241004	1.981979	1.951603	1.850931	1.899644	1.960064
0.260521	2.000000	0.488477	1.444874	2.217494	2.324806	2.235031	1.989211	1.948255	1.844913	1.895607	1.955194
0.262525	2.000000	0.492234	1.452042	2.220115	2.321142	2.228944	1.996439	1.945139	1.839511	1.891989	1.950473
0.264529	2.000000	0.495992	1.459151	2.222568	2.317307	2.222748	2.003651	1.942264	1.834741	1.888800	1.945917
0.266533	2.000000	0.499749	1.466199	2.224854	2.313304	2.216446	2.010836	1.939641	1.830620	1.886050	1.941541
0.268537	2.000000	0.503507	1.473187	2.226974	2.309136	2.210042	2.017982	1.937277	1.827158	1.883744	1.937359
0.270541	2.000000	0.507265	1.480115	2.228929	2.304805	2.203539	2.025076	1.935179	1.824367	1.881890	1.933388
0.272545	2.000000	0.511022	1.486982	2.230722	2.300315	2.196942	2.032109	1.933354	1.822253	1.880490	1.929639
0.274549	2.000000	0.514780	1.493789	2.232352	2.295669	2.190253	2.039069	1.931807	1.820821	1.879548	1.926128
0.276553	2.000000	0.518537	1.500536	2.233821	2.290870	2.183475	2.045945	1.930542	1.820075	1.879063	1.922866
0.278557	2.000000	0.522295	1.507223	2.235131	2.285920	2.176613	2.052728	1.929563	1.820013	1.879037	1.919866
0.280561	2.000000	0.526052	1.513849	2.236281	2.280822	2.169669	2.059405	1.928872	1.820635	1.879465	1.917139
0.282565	2.000000	0.529810	1.520416	2.237275	2.275579	2.162646	2.065968	1.928471	1.821935	1.880345	1.914697
0.284569	2.000000	0.533567	1.526922	2.238112	2.270195	2.155549	2.072406	1.928359	1.823906	1.881672	1.912548
0.286573	2.000000	0.537325	1.533367	2.238794	2.264671	2.148379	2.078709	1.928537	1.826539	1.883438	1.910702
0.288577	2.000000	0.541082	1.539753	2.239322	2.259011	2.141140	2.084869	1.929003	1.829824	1.885637	1.909168
0.290581	2.000000	0.544840	1.546078	2.239698	2.253218	2.133835	2.090877	1.929755	1.833746	1.888258	1.907953
0.292585	2.000000	0.548597	1.552343	2.239922	2.247294	2.126467	2.096722	1.930790	1.838290	1.891292	1.907064
0.294589	2.000000	0.552355	1.558548	2.239995	2.241242	2.119040	2.102397	1.932102	1.843439	1.894726	1.906505
0.296593	2.000000	0.556112	1.564693	2.239920	2.235064	2.111555	2.107893	1.933689	1.849173	1.898548	1.906283
0.298597	2.000000	0.559870	1.570777	2.239697	2.228764	2.104015	2.113202	1.935543	1.855470	1.902743	1.906401
0.300601	2.000000	0.563627	1.576801	2.239327	2.222344	2.096425	2.118316	1.937658	1.862308	1.907296	1.906862
0.302605	2.000000	0.567385	1.582765	2.238811	2.215807	2.088785	2.123228	1.940027	1.869662	1.912191	1.907668
0.304609	2.000000	0.571142	1.588668	2.238151	2.209155	2.081100	2.127930	1.942641	1.877506	1.917412	1.908819
0.306613	2.000000	0.574900	1.594512	2.237348	2.202392	2.073371	2.132416	1.945491	1.885811	1.922939	1.910316
0.308617	2.000000	0.578657	1.600295	2.236403	2.195519	2.065602	2.136678	1.948568	1.894549	1.928753	1.912156
0.310621	2.000000	0.582415	1.606018	2.235318	2.188540	2.057794	2.140710	1.951862	1.903689	1.934836	1.914338
0.312625	2.000000	0.586172	1.611680	2.234092	2.181456	2.049951	2.144507	1.955361	1.913200	1.941166	1.916859
0.314629	2.000000	0.589930	1.617283	2.232728	2.174271	2.042075	2.148061	1.959055	1.923048	1.947722	1.919713
0.316633	2.000000	0.593687	1.622825	2.231227	2.166987	2.034168	2.151368	1.962929	1.933199	1.954483	1.922896
0.318637	2.000000	0.597445	1.628307	2.229590	2.159607	2.026233	2.154423	1.966973	1.943621	1.961426	1.926400
0.320641	2.000000	0.601202	1.633728	2.227818	2.152133	2.018272	2.157219	1.971172	1.954276	1.968529	1.930218
0.322645	2.000000	0.604960	1.639090	2.225913	2.144568	2.010288	2.159753	1.975512	1.965129	1.975768	1.934340
0.324649	2.000000	0.608717	1.644391	2.223875	2.136913	2.002282	2.162021	1.979981	1.976143	1.983120	1.938758
0.326653	2.000000	0.612475	1.649632	2.221706	2.129173	1.994258	2.164017	1.984562	1.987281	1.990561	1.943459
0.328657	2.000000	0.616232	1.654813	2.219406	2.121348	1.986216	2.165738	1.989241	1.998507	1.998067	1.948431
0.330661	2.000000	0.619990	1.659933	2.216978	2.113442	1.978160	2.167181	1.994002	2.009783	2.005613	1.953662
0.332665	2.000000	0.623747	1.664993	2.214422	2.105457	1.970092	2.168342	1.998830	2.021070	2.013177	1.959137
0.334669	2.000000	0.627505	1.669993	2.211739	2.097395	1.962013	2.169219	2.003709	2.032331	2.020732	1.964841
0.336673	2.000000	0.631263	1.674933	2.208931	2.089258	1.953925	2.169808	2.008622	2.043530	2.028256	1.970757
0.338677	2.000000	0.635020	1.679813	2.205999	2.081050	1.945831	2.170107	2.013553	2.054628	2.035723	1.976869
0.340681	2.000000	0.638778	1.684632	2.202944	2.072772	1.937733	2.170114	2.018486	2.065589	2.043110	1.983157
0.342685	2.000000	0.642535	1.689391	2.199768	2.064427	1.929632	2.169827	2.023404	2.076376	2.050394	1.989603
0.344689	2.000000	0.646293	1.694090	2.196470	2.056017	1.921531	2.169245	2.028289	2.086953	2.057549	1.996187
0.346693	2.000000	0.650050	1.698728	2.193054	2.047544	1.913430	2.168367	2.033126	2.097285	2.064554	2.002887
0.348697	2.000000	0.653808	1.703306	2.189519	2.039011	1.905333	2.167190	2.037897	2.107337	2.071385	2.009683
0.350701	2.000000	0.657565	1.707824	2.185867	2.030420	1.897240	2.165715	2.042585	2.117075	2.078021	2.016552
0.352705	2.000000	0.661323	1.712282	2.182099	2.021773	1.889154	2.163941	2.047174	2.126466	2.084438	2.023470
0.354709	2.000000	0.665080	1.716680	2.178217	2.013072	1.881076	2.161867	2.051647	2.135478	2.090615	2.030414
0.356713	2.000000	0.668838	1.721017	2.174221	2.004319	1.873008	2.159495	2.055987	2.144080	2.096532	2.037359
0.358717	2.000000	0.672595	1.725294	2.170113	1.995517	1.864951	2.156823	2.060178	2.152242	2.102168	2.044281
0.360721	2.000000	0.676353	1.729511	2.165893	1.986668	1.856907	2.153853	2.064203	2.159935	2.107504	2.051155
0.362725	2.000000	0.680110	1.733668	2.161564	1.977775	1.848878	2.150585	2.068047	2.167132	2.112520	2.057953
0.364729	2.000000	0.683868	1.737764	2.157126	1.968838	1.840865	2.147021	2.071694	2.173807	2.117198	2.064650
0.366733	2.000000	0.687625	1.741800	2.152581	1.959860	1.832869	2.143161	2.075127	2.179935	2.121520	2.071220
0.368737	2.000000	0.691383	1.745776	2.147930	1.950844	1.824892	2.139007	2.078333	2.185493	2.125471	2.077635
0.370741	2.000000	0.695140	1.749692	2.143173	1.941792	1.816935	2.134562	2.081296	2.190458	2.129033	2.083869
0.372745	2.000000	0.698898	1.753547	2.138312	1.932704	1.809000	2.129826	2.084001	2.194811	2.132192	2.089894
0.374749	2.000000	0.702655	1.757342	2.133349	1.923585	1.801089	2.124802	2.086435	2.198532	2.134933	2.095685
0.376754	2.000000	0.706413	1.761077	2.128284	1.914435	1.793201	2.119493	2.088584	2.201605	2.137243	2.101213
0.378758	2.000000	0.710170	1.764752	2.123118	1.905256	1.785339	2.113901	2.090434	2.204013	2.139109	2.106452
0.380762	2.000000	0.713928	1.768366	2.117853	1.896051	1.777504	2.108028	2.091973	2.205744	2.140520	2.111375
0.382766	2.000000	0.717685	1.771921	2.112491	1.886822	1.769697	2.101879	2.093189	2.206784	2.141465	2.115957
0.384770	2.000000	0.721443	1.775415	2.107031	1.877570	1.761919	2.095456	2.094069	2.207124	2.141934	2.120170
0.386774	2.000000	0.725200	1.778848	2.101476	1.868298	1.754171	2.088763	2.094603	2.206754	2.141918	2.123990
0.388778	2.000000	0.728958	1.782222	2.095827	1.859006	1.746454	2.081804	2.094779	2.205667	2.141410	2.127392
0.390782	2.000000	0.732715	1.785535	2.090084	1.849699	1.738770	2.074581	2.094588	2.203858	2.140402	2.130350
0.392786	2.000000	0.736473	1.788788	2.084249	1.840376	1.731120	2.067100	2.094020	2.201323	2.138889	2.132843
0.394790	2.000000	0.740230	1.791981	2.078324	1.831040	1.723504	2.059364	2.093067	2.198061	2.136865	2.134846
0.396794	2.000000	0.743988	1.795113	2.072308	1.821693	1.715923	2.051378	2.091719	2.194071	2.134327	2.136337
0.398798	2.000000	0.747745	1.798186	2.066204	1.812337	1.708379	2.043146	2.089969	2.189354	2.131271	2.137296
0.400802	2.000000	0.751503	1.801198	2.060013	1.802974	1.700872	2.034674	2.087810	2.183914	2.127695	2.137702
0.402806	2.000000	0.755261	1.804149	2.053736	1.793604	1.693403	2.025965	2.085236	2.177755	2.123599	2.137536
0.404810	2.000000	0.759018	1.807041	2.047374	1.784231	1.685973	2.017025	2.082241	2.170884	2.118981	2.136780
0.406814	2.000000	0.762776	1.809872	2.040928	1.774856	1.678583	2.007859	2.078820	2.163308	2.113842	2.135417
0.408818	2.000000	0.766533	1.812643	2.034399	1.765480	1.671234	1.998472	2.074969	2.155037	2.108184	2.133433
0.410822	2.000000	0.770291	1.815354	2.027789	1.756106	1.663926	1.988870	2.070683	2.146082	2.102010	2.130811
0.412826	2.000000	0.774048	1.818005	2.021099	1.746734	1.656660	1.979059	2.065960	2.136456	2.095322	2.127541
0.414830	2.000000	0.777806	1.820595	2.014330	1.737367	1.649437	1.969043	2.060798	2.126171	2.088125	2.123610
0.416834	2.000000	0.781563	1.823125	2.007483	1.728007	1.642257	1.958829	2.055195	2.115244	2.080424	2.119009
0.418838	2.000000	0.785321	1.825595	2.000560	1.718655	1.635121	1.948423	2.049149	2.103690	2.072224	2.113729
0.420842	2.000000	0.789078	1.828005	1.993561	1.709312	1.628031	1.937830	2.042662	2.091527	2.063532	2.107763
0.422846	2.000000	0.792836	1.830354	1.986488	1.699981	1.620985	1.927057	2.035733	2.078775	2.054357	2.101107
0.424850	2.000000	0.796593	1.832643	1.979341	1.690663	1.613986	1.916110	2.028363	2.065454	2.044704	2.093756
0.426854	2.000000	0.800351	1.834872	1.972123	1.681359	1.607033	1.904995	2.020555	2.051584	2.034585	2.085710
0.428858	2.000000	0.804108	1.837041	1.964835	1.672071	1.600127	1.893719	2.012310	2.037187	2.024007	2.076968
0.430862	2.000000	0.807866	1.839149	1.957476	1.662800	1.593268	1.882287	2.003633	2.022287	2.012982	2.067531
0.432866	2.000000	0.811623	1.841197	1.950050	1.653549	1.586457	1.870707	1.994527	2.006907	2.001520	2.057404
0.434870	2.000000	0.815381	1.843185	1.942556	1.644319	1.579695	1.858985	1.984996	1.991073	1.989633	2.046591
0.436874	2.000000	0.819138	1.845113	1.934997	1.635110	1.572981	1.847128	1.975046	1.974809	1.977332	2.035100
0.438878	2.000000	0.822896	1.846981	1.927372	1.625926	1.566317	1.835143	1.964683	1.958142	1.964631	2.022939
0.440882	2.000000	0.826653	1.848788	1.919685	1.616766	1.559702	1.823035	1.953913	1.941098	1.951542	2.010119
0.442886	2.000000	0.830411	1.850535	1.911934	1.607633	1.553136	1.810812	1.942744	1.923704	1.938078	1.996652
0.444890	2.000000	0.834168	1.852221	1.904123	1.598528	1.546622	1.798482	1.931182	1.905988	1.924255	1.982551
0.446894	2.000000	0.837926	1.853848	1.896252	1.589452	1.540157	1.786049	1.919237	1.887978	1.910086	1.967834
0.448898	2.000000	0.841683	1.855414	1.888322	1.580407	1.533743	1.773523	1.906917	1.869702	1.895587	1.952517
0.450902	2.000000	0.845441	1.856920	1.880334	1.571394	1.527380	1.760908	1.894233	1.851188	1.880772	1.936619
0.452906	2.000000	0.849198	1.858366	1.872290	1.562415	1.521069	1.748213	1.881192	1.832464	1.865657	1.920161
0.454910	2.000000	0.852956	1.859752	1.864191	1.553470	1.514809	1.735445	1.867808	1.813560	1.850258	1.903165
0.456914	2.000000	0.856713	1.861077	1.856037	1.544561	1.508600	1.722609	1.854089	1.794503	1.834591	1.885655
0.458918	2.000000	0.860471	1.862342	1.847831	1.535690	1.502443	1.709714	1.840049	1.775322	1.818672	1.867655
0.460922	2.000000	0.864228	1.863547	1.839573	1.526858	1.496338	1.696765	1.825699	1.756045	1.802519	1.849193
0.462926	2.000000	0.867986	1.864691	1.831265	1.518066	1.490285	1.683771	1.811051	1.736699	1.786147	1.830296
0.464930	2.000000	0.871743	1.865776	1.822907	1.509314	1.484284	1.670738	1.796119	1.717314	1.769574	1.810994
0.466934	2.000000	0.875501	1.866800	1.814502	1.500606	1.478335	1.657672	1.780915	1.697915	1.752816	1.791315
0.468938	2.000000	0.879259	1.867764	1.806049	1.491941	1.472439	1.644581	1.765454	1.678530	1.735891	1.771293
0.470942	2.000000	0.883016	1.868667	1.797551	1.483321	1.466594	1.631471	1.749750	1.659184	1.718816	1.750958
0.472946	2.000000	0.886774	1.869511	1.789008	1.474747	1.460802	1.618350	1.733817	1.639904	1.701607	1.730344
0.474950	2.000000	0.890531	1.870294	1.780421	1.466220	1.455063	1.605223	1.717670	1.620714	1.684283	1.709486
0.476954	2.000000	0.894289	1.871017	1.771793	1.457741	1.449375	1.592099	1.701323	1.601639	1.666861	1.688416
0.478958	2.000000	0.898046	1.871679	1.763124	1.449312	1.443740	1.578982	1.684793	1.582702	1.649356	1.667171
0.480962	2.000000	0.901804	1.872282	1.754415	1.440934	1.438157	1.565881	1.668094	1.563926	1.631787	1.645786
0.482966	2.000000	0.905561	1.872824	1.745667	1.432607	1.432625	1.552801	1.651243	1.545334	1.614171	1.624297
0.484970	2.000000	0.909319	1.873306	1.736882	1.424333	1.427146	1.539750	1.634256	1.526945	1.596524	1.602739
0.486974	2.000000	0.913076	1.873727	1.728061	1.416113	1.421719	1.526732	1.617148	1.508781	1.578863	1.581151
0.488978	2.000000	0.916834	1.874089	1.719204	1.407947	1.416343	1.513756	1.599937	1.490861	1.561204	1.559567
0.490982	2.000000	0.920591	1.874390	1.710314	1.399838	1.411019	1.500826	1.582638	1.473202	1.543564	1.538023
0.492986	2.000000	0.924349	1.874631	1.701392	1.391785	1.405747	1.487950	1.565268	1.455823	1.525959	1.516557
0.494990	2.000000	0.928106	1.874812	1.692437	1.383790	1.400526	1.475133	1.547843	1.438738	1.508404	1.495202
0.496994	2.000000	0.931864	1.874932	1.683453	1.375854	1.395355	1.462382	1.530381	1.421963	1.490916	1.473995
0.498998	2.000000	0.935621	1.874992	1.674439	1.367978	1.390236	1.449701	1.512898	1.405513	1.473510	1.452970
0.501002	1.000000	0.939379	1.874992	1.665398	1.360162	1.385167	1.437098	1.495411	1.389399	1.456200	1.432160
0.503006	1.000000	0.943136	1.874932	1.656330	1.352408	1.380149	1.424578	1.477936	1.373633	1.439003	1.411599
0.505010	1.000000	0.946894	1.874812	1.647236	1.344717	1.375181	1.412146	1.460490	1.358227	1.421931	1.391318
0.507014	1.000000	0.950651	1.874631	1.638118	1.337089	1.370262	1.399809	1.443089	1.343188	1.405000	1.371348
0.509018	1.000000	0.954409	1.874390	1.628977	1.329525	1.365394	1.387570	1.425750	1.328526	1.388223	1.351720
0.511022	1.000000	0.958166	1.874089	1.619814	1.322026	1.360574	1.375437	1.408488	1.314248	1.371614	1.332462
0.513026	1.000000	0.961924	1.873727	1.610630	1.314593	1.355804	1.363414	1.391321	1.300360	1.355186	1.313601
0.515030	1.000000	0.965681	1.873306	1.601426	1.307227	1.351082	1.351505	1.374265	1.286865	1.338951	1.295163
0.517034	1.000000	0.969439	1.872824	1.592204	1.299928	1.346409	1.339717	1.357333	1.273769	1.322923	1.277171
0.519038	1.000000	0.973196	1.872282	1.582965	1.292698	1.341783	1.328053	1.340543	1.261073	1.307113	1.259650
0.521042	1.000000	0.976954	1.871679	1.573710	1.285536	1.337205	1.316519	1.323910	1.248779	1.291532	1.242618
0.523046	1.000000	0.980711	1.871017	1.564441	1.278444	1.332675	1.305119	1.307448	1.236887	1.276192	1.226097
0.525050	1.000000	0.984469	1.870294	1.555157	1.271423	1.328191	1.293857	1.291172	1.225397	1.261104	1.210102
0.527054	1.000000	0.988226	1.869511	1.545861	1.264473	1.323754	1.282739	1.275097	1.214307	1.246279	1.194649
0.529058	1.000000	0.991984	1.868667	1.536554	1.257595	1.319363	1.271767	1.259237	1.203614	1.231725	1.179753
0.531062	1.000000	0.995741	1.867764	1.527237	1.250789	1.315018	1.260947	1.243604	1.193315	1.217452	1.165423
0.533066	1.000000	0.999499	1.866800	1.517911	1.244057	1.310718	1.250281	1.228213	1.183404	1.203471	1.151671
0.535070	1.000000	1.003257	1.865776	1.508577	1.237398	1.306462	1.239774	1.213077	1.173878	1.189788	1.138503
0.537074	1.000000	1.007014	1.864691	1.499237	1.230813	1.302252	1.229430	1.198208	1.164729	1.176414	1.125925
0.539078	1.000000	1.010772	1.863547	1.489891	1.224304	1.298085	1.219251	1.183618	1.155950	1.163354	1.113940
0.541082	1.000000	1.014529	1.862342	1.480541	1.217870	1.293961	1.209241	1.169318	1.147534	1.150617	1.102549
0.543086	1.000000	1.018287	1.861077	1.471189	1.211513	1.289881	1.199404	1.155320	1.139472	1.138210	1.091753
0.545090	1.000000	1.022044	1.859752	1.461834	1.205232	1.285843	1.189742	1.141635	1.131754	1.126138	1.081547
0.547094	1.000000	1.025802	1.858366	1.452479	1.199028	1.281847	1.180258	1.128273	1.124372	1.114408	1.071929
0.549098	1.000000	1.029559	1.856920	1.443125	1.192902	1.277893	1.170954	1.115242	1.117314	1.103025	1.062891
0.551102	1.000000	1.033317	1.855414	1.433772	1.186854	1.273980	1.161835	1.102554	1.110571	1.091995	1.054424
0.553106	1.000000	1.037074	1.853848	1.424423	1.180885	1.270107	1.152901	1.090216	1.104130	1.081322	1.046519
0.555110	1.000000	1.040832	1.852221	1.415078	1.174995	1.266274	1.144155	1.078236	1.097980	1.071009	1.039163
0.557114	1.000000	1.044589	1.850535	1.405738	1.169184	1.262481	1.135599	1.066622	1.092110	1.061061	1.032343
0.559118	1.000000	1.048347	1.848788	1.396404	1.163454	1.258727	1.127235	1.055381	1.086506	1.051482	1.026044
0.561122	1.000000	1.052104	1.846981	1.387079	1.157804	1.255012	1.119065	1.044519	1.081157	1.042272	1.020249
0.563126	1.000000	1.055862	1.845113	1.377762	1.152234	1.251334	1.111091	1.034043	1.076049	1.033436	1.014940
0.565130	1.000000	1.059619	1.843185	1.368456	1.146746	1.247694	1.103313	1.023957	1.071171	1.024974	1.010097
0.567134	1.000000	1.063377	1.841197	1.359160	1.141339	1.244090	1.095734	1.014266	1.066509	1.016888	1.005701
0.569138	1.000000	1.067134	1.839149	1.349878	1.136014	1.240523	1.088354	1.004975	1.062051	1.009178	1.001728
0.571142	1.000000	1.070892	1.837041	1.340609	1.130771	1.236992	1.081174	0.996086	1.057784	1.001846	0.998158
0.573146	1.000000	1.074649	1.834872	1.331355	1.125611	1.233495	1.074196	0.987602	1.053696	0.994892	0.994967
0.575150	1.000000	1.078407	1.832643	1.322117	1.120533	1.230034	1.067419	0.979527	1.049774	0.988314	0.992130
0.577154	1.000000	1.082164	1.830354	1.312896	1.115538	1.226606	1.060845	0.971861	1.046005	0.982111	0.989624
0.579158	1.000000	1.085922	1.828005	1.303694	1.110627	1.223212	1.054474	0.964606	1.042379	0.976283	0.987424
0.581162	1.000000	1.089679	1.825595	1.294511	1.105798	1.219851	1.048305	0.957763	1.038884	0.970828	0.985505
0.583166	1.000000	1.093437	1.823125	1.285349	1.101054	1.216522	1.042340	0.951330	1.035508	0.965743	0.983842
0.585170	1.000000	1.097194	1.820595	1.276209	1.096393	1.213224	1.036577	0.945307	1.032241	0.961025	0.982410
0.587174	1.000000	1.100952	1.818005	1.267093	1.091816	1.209958	1.031017	0.939694	1.029072	0.956671	0.981186
0.589178	1.000000	1.104709	1.815354	1.258001	1.087323	1.206723	1.025659	0.934488	1.025992	0.952677	0.980143
0.591182	1.000000	1.108467	1.812643	1.248934	1.082914	1.203517	1.020503	0.929687	1.022991	0.949040	0.979260
0.593186	1.000000	1.112224	1.809872	1.239894	1.078590	1.200341	1.015548	0.925287	1.020061	0.945755	0.978513
0.595190	1.000000	1.115982	1.807041	1.230882	1.074350	1.197194	1.010793	0.921286	1.017193	0.942817	0.977880
0.597194	1.000000	1.119739	1.804149	1.221900	1.070195	1.194075	1.006237	0.917678	1.014381	0.940220	0.977339
0.599198	1.000000	1.123497	1.801198	1.212947	1.066125	1.190984	1.001879	0.914460	1.011617	0.937959	0.976872
0.601202	1.000000	1.127255	1.798186	1.204026	1.062139	1.187920	0.997717	0.911626	1.008895	0.936027	0.976459
0.603206	1.000000	1.131012	1.795113	1.195138	1.058237	1.184882	0.993751	0.909170	1.006209	0.934418	0.976082
0.605210	1.000000	1.134770	1.791981	1.186284	1.054421	1.181870	0.989979	0.907085	1.003556	0.933125	0.975725
0.607214	1.000000	1.138527	1.788788	1.177465	1.050689	1.178884	0.986399	0.905366	1.000931	0.932139	0.975375
0.609218	1.000000	1.142285	1.785535	1.168682	1.047042	1.175922	0.983008	0.904005	0.998330	0.931454	0.975017
0.611222	1.000000	1.146042	1.782222	1.159937	1.043479	1.172984	0.979806	0.902994	0.995752	0.931061	0.974642
0.613226	1.000000	1.149800	1.778848	1.151230	1.040001	1.170070	0.976790	0.902325	0.993193	0.930951	0.974239
0.615230	1.000000	1.153557	1.775415	1.142563	1.036608	1.167180	0.973958	0.901989	0.990655	0.931116	0.973800
0.617234	1.000000	1.157315	1.771921	1.133937	1.033299	1.164311	0.971308	0.901977	0.988135	0.931545	0.973321
0.619238	1.000000	1.161072	1.768366	1.125354	1.030074	1.161465	0.968836	0.902280	0.985634	0.932230	0.972796
0.621242	1.000000	1.164830	1.764752	1.116813	1.026933	1.158639	0.966541	0.902887	0.983153	0.933159	0.972224
0.623246	1.000000	1.168587	1.761077	1.108318	1.023877	1.155835	0.964420	0.903789	0.980695	0.934324	0.971605
0.625251	1.000000	1.172345	1.757342	1.099868	1.020904	1.153051	0.962470	0.904975	0.978261	0.935713	0.970939
0.627255	1.000000	1.176102	1.753547	1.091465	1.018015	1.150286	0.960688	0.906434	0.975855	0.937314	0.970232
0.629259	1.000000	1.179860	1.749692	1.083110	1.015209	1.147541	0.959070	0.908155	0.973480	0.939118	0.969486
0.631263	1.000000	1.183617	1.745776	1.074805	1.012486	1.144814	0.957615	0.910126	0.971140	0.941111	0.968711
0.633267	1.000000	1.187375	1.741800	1.066550	1.009847	1.142105	0.956318	0.912335	0.968841	0.943284	0.967913
0.635271	1.000000	1.191132	1.737764	1.058347	1.007290	1.139414	0.955177	0.914770	0.966587	0.945622	0.967104
0.637275	1.000000	1.194890	1.733668	1.050197	1.004816	1.136739	0.954187	0.917419	0.964385	0.948115	0.966294
0.639279	1.000000	1.198647	1.729511	1.042101	1.002424	1.134081	0.953346	0.920270	0.962241	0.950750	0.965496
0.641283	1.000000	1.202405	1.725294	1.034060	1.000113	1.131439	0.952650	0.923310	0.960162	0.953514	0.964723
0.643287	1.000000	1.206162	1.721017	1.026076	0.997885	1.128813	0.952094	0.926525	0.958153	0.956395	0.963991
0.645291	1.000000	1.209920	1.716680	1.018150	0.995737	1.126201	0.951676	0.929903	0.956224	0.959379	0.963316
0.647295	1.000000	1.213677	1.712282	1.010282	0.993671	1.123604	0.951392	0.933432	0.954380	0.962454	0.962712
0.649299	1.000000	1.217435	1.707824	1.002474	0.991685	1.121021	0.951237	0.937097	0.952631	0.965607	0.962198
0.651303	1.000000	1.221192	1.703306	0.994728	0.989778	1.118452	0.951208	0.940885	0.950983	0.968825	0.961790
0.653307	1.000000	1.224950	1.698728	0.987044	0.987952	1.115895	0.951300	0.944784	0.949445	0.972094	0.961505
0.655311	1.000000	1.228707	1.694090	0.979423	0.986205	1.113351	0.951510	0.948780	0.948024	0.975402	0.961360
0.657315	1.000000	1.232465	1.689391	0.971868	0.984536	1.110819	0.951833	0.952859	0.946729	0.978736	0.961371
0.659319	1.000000	1.236222	1.684632	0.964378	0.982946	1.108299	0.952265	0.957009	0.945568	0.982082	0.961555
0.661323	1.000000	1.239980	1.679813	0.956956	0.981434	1.105790	0.952802	0.961216	0.944547	0.985429	0.961926
0.663327	1.000000	1.243737	1.674933	0.949602	0.979999	1.103292	0.953439	0.965468	0.943674	0.988762	0.962500
0.665331	1.000000	1.247495	1.669993	0.942317	0.978641	1.100804	0.954173	0.969750	0.942957	0.992070	0.963288
0.667335	1.000000	1.251253	1.664993	0.935103	0.977359	1.098326	0.954999	0.974051	0.942403	0.995341	0.964303
0.669339	1.000000	1.255010	1.659933	0.927962	0.976153	1.095858	0.955912	0.978357	0.942017	0.998562	0.965554
0.671343	1.000000	1.258768	1.654813	0.920893	0.975022	1.093400	0.956908	0.982657	0.941805	1.001722	0.967049
0.673347	1.000000	1.262525	1.649632	0.913898	0.973965	1.090950	0.957983	0.986938	0.941774	1.004809	0.968795
0.675351	1.000000	1.266283	1.644391	0.906980	0.972983	1.088508	0.959132	0.991187	0.941927	1.007812	0.970795
0.677355	1.000000	1.270040	1.639090	0.900137	0.972073	1.086075	0.960351	0.995393	0.942270	1.010720	0.973051
0.679359	1.000000	1.273798	1.633728	0.893373	0.971237	1.083650	0.961634	0.999545	0.942805	1.013522	0.975562
0.681363	1.000000	1.277555	1.628307	0.886688	0.970472	1.081232	0.962979	1.003631	0.943536	1.016210	0.978324
0.683367	1.000000	1.281313	1.622825	0.880083	0.969779	1.078822	0.964380	1.007640	0.944464	1.018773	0.981332
0.685371	1.000000	1.285070	1.617283	0.873559	0.969157	1.076418	0.965833	1.011561	0.945592	1.021202	0.984577
0.687375	1.000000	1.288828	1.611680	0.867118	0.968604	1.074021	0.967333	1.015385	0.946919	1.023490	0.988045
0.689379	1.000000	1.292585	1.606018	0.860761	0.968121	1.071631	0.968876	1.019101	0.948446	1.025627	0.991724
0.691383	1.000000	1.296343	1.600295	0.854489	0.967706	1.069246	0.970457	1.022700	0.950170	1.027608	0.995594
0.693387	1.000000	1.300100	1.594512	0.848303	0.967358	1.066868	0.972073	1.026173	0.952089	1.029425	0.999637
0.695391	1.000000	1.303858	1.588668	0.842204	0.967078	1.064495	0.973718	1.029512	0.954201	1.031072	1.003828
0.697395	1.000000	1.307615	1.582765	0.836194	0.966864	1.062128	0.975388	1.032707	0.956502	1.032544	1.008141
0.699399	1.000000	1.311373	1.576801	0.830274	0.966715	1.059766	0.977080	1.035751	0.958985	1.033837	1.012549
0.701403	1.000000	1.315130	1.570777	0.824445	0.966630	1.057409	0.978789	1.038638	0.961645	1.034947	1.017020
0.703407	1.000000	1.318888	1.564693	0.818708	0.966609	1.055057	0.980510	1.041359	0.964476	1.035870	1.021521
0.705411	1.000000	1.322645	1.558548	0.813064	0.966651	1.052710	0.982239	1.043910	0.967467	1.036604	1.026017
0.707415	1.000000	1.326403	1.552343	0.807514	0.966754	1.050368	0.983973	1.046284	0.970612	1.037148	1.030471
0.709419	1.000000	1.330160	1.546078	0.802061	0.966919	1.048030	0.985708	1.048476	0.973899	1.037501	1.034844
0.711423	1.000000	1.333918	1.539753	0.796704	0.967143	1.045697	0.987438	1.050481	0.977317	1.037663	1.039097
0.713427	1.000000	1.337675	1.533367	0.791445	0.967426	1.043368	0.989162	1.052295	0.980855	1.037636	1.043189
0.715431	1.000000	1.341433	1.526922	0.786286	0.967768	1.041044	0.990873	1.053914	0.984500	1.037420	1.047079
0.717435	1.000000	1.345190	1.520416	0.781227	0.968166	1.038724	0.992570	1.055337	0.988238	1.037018	1.050725
0.719439	1.000000	1.348948	1.513849	0.776270	0.968621	1.036408	0.994248	1.056559	0.992054	1.036433	1.054087
0.721443	1.000000	1.352705	1.507223	0.771415	0.969131	1.034097	0.995904	1.057580	0.995934	1.035671	1.057124
0.723447	1.000000	1.356463	1.500536	0.766665	0.969695	1.031790	0.997534	1.058397	0.999861	1.034735	1.059798
0.725451	1.000000	1.360220	1.493789	0.762019	0.970311	1.029487	0.999134	1.059011	1.003819	1.033632	1.062070
0.727455	1.000000	1.363978	1.486982	0.757481	0.970980	1.027189	1.000702	1.059420	1.007789	1.032368	1.063905
0.729459	1.000000	1.367735	1.480115	0.753049	0.971700	1.024895	1.002235	1.059627	1.011756	1.030951	1.065271
0.731463	1.000000	1.371493	1.473187	0.748727	0.972469	1.022606	1.003729	1.059630	1.015700	1.029388	1.066136
0.733467	1.000000	1.375251	1.466199	0.744514	0.973287	1.020321	1.005181	1.059433	1.019603	1.027688	1.066475
0.735471	1.000000	1.379008	1.459151	0.740413	0.974153	1.018042	1.006588	1.059037	1.023447	1.025862	1.066264
0.737475	1.000000	1.382766	1.452042	0.736424	0.975064	1.015767	1.007948	1.058445	1.027211	1.023918	1.065486
0.739479	1.000000	1.386523	1.444874	0.732548	0.976021	1.013498	1.009258	1.057660	1.030878	1.021869	1.064126
0.741483	1.000000	1.390281	1.437645	0.728787	0.977022	1.011234	1.010516	1.056687	1.034428	1.019724	1.062176
0.743487	1.000000	1.394038	1.430356	0.725143	0.978066	1.008976	1.011719	1.055529	1.037842	1.017496	1.059633
0.745491	1.000000	1.397796	1.423006	0.721615	0.979151	1.006723	1.012865	1.054191	1.041101	1.015198	1.056500
0.747495	1.000000	1.401553	1.415597	0.718205	0.980277	1.004477	1.013951	1.052679	1.044187	1.012841	1.052784
0.749499	1.000000	1.405311	1.408127	0.714915	0.981441	1.002237	1.014977	1.051000	1.047082	1.010439	1.048501
0.751503	1.000000	1.409068	1.400597	0.711746	0.982643	1.000004	1.015940	1.049158	1.049769	1.008006	1.043672
0.753507	1.000000	1.412826	1.393006	0.708698	0.983882	0.997779	1.016838	1.047162	1.052230	1.005555	1.038325
0.755511	1.000000	1.416583	1.385356	0.705773	0.985156	0.995560	1.017670	1.045019	1.054451	1.003100	1.032494
0.757515	1.000000	1.420341	1.377645	0.702973	0.986464	0.993350	1.018435	1.042736	1.056414	1.000654	1.026220
0.759519	1.000000	1.424098	1.369874	0.700298	0.987804	0.991148	1.019130	1.040321	1.058107	0.998232	1.019550
0.761523	1.000000	1.427856	1.362043	0.697750	0.989175	0.988954	1.019756	1.037785	1.059517	0.995847	1.012537
0.763527	1.000000	1.431613	1.354151	0.695329	0.990576	0.986770	1.020312	1.035135	1.060631	0.993514	1.005241
0.765531	1.000000	1.435371	1.346199	0.693038	0.992005	0.984595	1.020796	1.032381	1.061438	0.991246	0.997727
0.767535	1.000000	1.439128	1.338187	0.690876	0.993461	0.982431	1.021207	1.029532	1.061931	0.989055	0.990063
0.769539	1.000000	1.442886	1.330115	0.688846	0.994943	0.980278	1.021546	1.026600	1.062100	0.986956	0.982326
0.771543	1.000000	1.446643	1.321983	0.686949	0.996448	0.978135	1.021813	1.023593	1.061941	0.984961	0.974594
0.773547	1.000000	1.450401	1.313790	0.685185	0.997976	0.976005	1.022006	1.020523	1.061447	0.983080	0.966948
0.775551	1.000000	1.454158	1.305537	0.683556	0.999525	0.973887	1.022126	1.017401	1.060618	0.981327	0.959473
0.777555	1.000000	1.457916	1.297224	0.682063	1.001093	0.971783	1.022174	1.014238	1.059452	0.979712	0.952256
0.779559	1.000000	1.461673	1.288850	0.680708	1.002680	0.969692	1.022149	1.011045	1.057950	0.978244	0.945382
0.781563	1.000000	1.465431	1.280417	0.679491	1.004283	0.967616	1.022053	1.007832	1.056115	0.976933	0.938940
0.783567	1.000000	1.469188	1.271923	0.678413	1.005901	0.965555	1.021885	1.004613	1.053953	0.975787	0.933014
0.785571	1.000000	1.472946	1.263368	0.677477	1.007532	0.963511	1.021647	1.001397	1.051470	0.974814	0.927689
0.787575	1.000000	1.476703	1.254754	0.676683	1.009174	0.961483	1.021339	0.998198	1.048675	0.974019	0.923043
0.789579	1.000000	1.480461	1.246079	0.676031	1.010827	0.959473	1.020964	0.995025	1.045580	0.973409	0.919152
0.791583	1.000000	1.484218	1.237344	0.675525	1.012488	0.957481	1.020521	0.991892	1.042198	0.972986	0.916086
0.793587	1.000000	1.487976	1.228549	0.675163	1.014156	0.955509	1.020014	0.988809	1.038544	0.972755	0.913907
0.795591	1.000000	1.491733	1.219694	0.674949	1.015829	0.953557	1.019442	0.985788	1.034636	0.972716	0.912670
0.797595	1.000000	1.495491	1.210778	0.674883	1.017506	0.951627	1.018809	0.982839	1.030492	0.972870	0.912420
0.799599	1.000000	1.499248	1.201802	0.674965	1.019184	0.949719	1.018117	0.979975	1.026135	0.973217	0.913192
0.801603	1.000000	1.503006	1.192766	0.675199	1.020863	0.947834	1.017366	0.977205	1.021588	0.973754	0.915011
0.803607	1.000000	1.506764	1.183670	0.675583	1.022539	0.945973	1.016560	0.974541	1.016875	0.974477	0.917887
0.805611	1.000000	1.510521	1.174513	0.676121	1.024212	0.944138	1.015702	0.971993	1.012024	0.975382	0.921820
0.807615	1.000000	1.514279	1.165297	0.676812	1.025880	0.942329	1.014793	0.969570	1.007063	0.976462	0.926794
0.809619	1.000000	1.518036	1.156019	0.677659	1.027541	0.940548	1.013836	0.967282	1.002021	0.977710	0.932781
0.811623	1.000000	1.521794	1.146682	0.678661	1.029193	0.938796	1.012834	0.965139	0.996930	0.979117	0.939736
0.813627	1.000000	1.525551	1.137285	0.679822	1.030834	0.937074	1.011791	0.963150	0.991823	0.980673	0.947601
0.815631	1.000000	1.529309	1.127827	0.681141	1.032463	0.935382	1.010709	0.961321	0.986732	0.982367	0.956302
0.817635	1.000000	1.533066	1.118309	0.682620	1.034077	0.933724	1.009592	0.959662	0.981692	0.984185	0.965751
0.819639	1.000000	1.536824	1.108730	0.684259	1.035675	0.932099	1.008443	0.958180	0.976737	0.986115	0.975845
0.821643	1.000000	1.540581	1.099092	0.686062	1.037255	0.930509	1.007266	0.956880	0.971904	0.988142	0.986468
0.823647	1.000000	1.544339	1.089393	0.688027	1.038814	0.928955	1.006064	0.955770	0.967227	0.990249	0.997490
0.825651	1.000000	1.548096	1.079634	0.690157	1.040352	0.927440	1.004841	0.954855	0.962741	0.992421	1.008771
0.827655	1.000000	1.551854	1.069815	0.692454	1.041866	0.925964	1.003600	0.954138	0.958483	0.994641	1.020161
0.829659	1.000000	1.555611	1.059936	0.694917	1.043353	0.924528	1.002346	0.953625	0.954486	0.996889	1.031499
0.831663	1.000000	1.559369	1.049996	0.697548	1.044813	0.923135	1.001083	0.953318	0.950784	0.999148	1.042620
0.833667	1.000000	1.563126	1.039996	0.700348	1.046243	0.921786	0.999815	0.953221	0.947410	1.001400	1.053352
0.835671	1.000000	1.566884	1.029936	0.703320	1.047641	0.920482	0.998546	0.953334	0.944395	1.003624	1.063523
0.837675	1.000000	1.570641	1.019815	0.706462	1.049005	0.919225	0.997280	0.953658	0.941768	1.005801	1.072960
0.839679	1.000000	1.574399	1.009634	0.709778	1.050333	0.918017	0.996022	0.954194	0.939557	1.007914	1.081494
0.841683	1.000000	1.578156	0.999394	0.713268	1.051622	0.916859	0.994775	0.954940	0.937787	1.009942	1.088962
0.843687	1.000000	1.581914	0.989092	0.716934	1.052872	0.915753	0.993545	0.955895	0.936481	1.011866	1.095208
0.845691	1.000000	1.585671	0.978731	0.720775	1.054079	0.914702	0.992335	0.957056	0.935658	1.013670	1.100092
0.847695	1.000000	1.589429	0.968309	0.724795	1.055242	0.913706	0.991151	0.958420	0.935336	1.015336	1.103486
0.849699	1.000000	1.593186	0.957827	0.728993	1.056358	0.912767	0.989996	0.959982	0.935527	1.016848	1.105282
0.851703	1.000000	1.596944	0.947285	0.733372	1.057425	0.911888	0.988875	0.961737	0.936241	1.018189	1.105393
0.853707	1.000000	1.600701	0.936683	0.737932	1.058441	0.911070	0.987792	0.963678	0.937484	1.019348	1.103758
0.855711	1.000000	1.604459	0.926020	0.742674	1.059404	0.910315	0.986752	0.965797	0.939257	1.020310	1.100339
0.857715	1.000000	1.608216	0.915298	0.747600	1.060312	0.909626	0.985759	0.968088	0.941557	1.021064	1.095133
0.859719	1.000000	1.611974	0.904514	0.752710	1.061162	0.909004	0.984818	0.970539	0.944377	1.021603	1.088165
0.861723	1.000000	1.615731	0.893671	0.758007	1.061952	0.908452	0.983932	0.973143	0.947704	1.021919	1.079494
0.863727	1.000000	1.619489	0.882768	0.763491	1.062680	0.907971	0.983107	0.975886	0.951522	1.022005	1.069214
0.865731	1.000000	1.623246	0.871804	0.769163	1.063344	0.907563	0.982345	0.978757	0.955808	1.021861	1.057453
0.867735	1.000000	1.627004	0.860780	0.775025	1.063941	0.907232	0.981651	0.981744	0.960536	1.021484	1.044377
0.869739	1.000000	1.630762	0.849695	0.781078	1.064469	0.906979	0.981029	0.984833	0.965673	1.020876	1.030183
0.871743	1.000000	1.634519	0.838551	0.787322	1.064926	0.906806	0.980482	0.988008	0.971181	1.020042	1.015102
0.873747	1.000000	1.638277	0.827346	0.793760	1.065308	0.906716	0.980014	0.991255	0.977020	1.018989	0.999396
0.875752	1.000000	1.642034	0.816081	0.800392	1.065615	0.906711	0.979629	0.994558	0.983141	1.017725	0.983356
0.877756	1.000000	1.645792	0.804756	0.807220	1.065843	0.906794	0.979329	0.997899	0.989494	1.016263	0.967292
0.879760	1.000000	1.649549	0.793370	0.814244	1.065990	0.906967	0.979118	1.001261	0.996021	1.014617	0.951538
0.881764	1.000000	1.653307	0.781925	0.821466	1.066054	0.907232	0.978998	1.004627	1.002663	1.012803	0.936438
0.883768	1.000000	1.657064	0.770419	0.828887	1.066032	0.907592	0.978972	1.007976	1.009356	1.010842	0.922342
0.885772	1.000000	1.660822	0.758852	0.836509	1.065922	0.908050	0.979042	1.011290	1.016032	1.008754	0.909600
0.887776	1.000000	1.664579	0.747226	0.844332	1.065721	0.908609	0.979211	1.014550	1.022621	1.006564	0.898553
0.889780	1.000000	1.668337	0.735539	0.852357	1.065427	0.909270	0.979479	1.017734	1.029049	1.004297	0.889524
0.891784	1.000000	1.672094	0.723792	0.860587	1.065037	0.910037	0.979848	1.020824	1.035242	1.001981	0.882810
0.893788	1.000000	1.675852	0.711985	0.869022	1.064549	0.910913	0.980319	1.023798	1.041126	0.999645	0.878670
0.895792	1.000000	1.679609	0.700118	0.877662	1.063959	0.911899	0.980893	1.026637	1.046623	0.997318	0.877320
0.897796	1.000000	1.683367	0.688190	0.886510	1.063267	0.913000	0.981570	1.029318	1.051658	0.995033	0.878918
0.899800	1.000000	1.687124	0.676202	0.895567	1.062468	0.914218	0.982350	1.031823	1.056158	0.992820	0.883560
0.901804	1.000000	1.690882	0.664154	0.904834	1.061561	0.915556	0.983232	1.034130	1.060050	0.990712	0.891270
0.903808	1.000000	1.694639	0.652046	0.914311	1.060543	0.917017	0.984215	1.036220	1.063267	0.988740	0.901992
0.905812	1.000000	1.698397	0.639877	0.924001	1.059410	0.918604	0.985298	1.038074	1.065745	0.986935	0.915585
0.907816	1.000000	1.702154	0.627648	0.933904	1.058161	0.920320	0.986478	1.039673	1.067427	0.985326	0.931819
0.909820	1.000000	1.705912	0.615359	0.944021	1.056793	0.922169	0.987753	1.041000	1.068260	0.983942	0.950374
0.911824	1.000000	1.709669	0.603010	0.954355	1.055303	0.924153	0.989119	1.042037	1.068201	0.982808	0.970837
0.913828	1.000000	1.713427	0.590600	0.964905	1.053689	0.926276	0.990573	1.042768	1.067217	0.981947	0.992707
0.915832	1.000000	1.717184	0.578130	0.975673	1.051947	0.928540	0.992111	1.043180	1.065284	0.981380	1.015405
0.917836	1.000000	1.720942	0.565600	0.986661	1.050075	0.930950	0.993726	1.043259	1.062390	0.981121	1.038278
0.919840	1.000000	1.724699	0.553010	0.997869	1.048070	0.933509	0.995414	1.042993	1.058536	0.981182	1.060614
0.921844	1.000000	1.728457	0.540359	1.009299	1.045929	0.936220	0.997167	1.042374	1.053738	0.981571	1.081661
0.923848	1.000000	1.732214	0.527648	1.020951	1.043650	0.939087	0.998979	1.041393	1.048025	0.982290	1.100647
0.925852	1.000000	1.735972	0.514877	1.032828	1.041230	0.942113	1.000841	1.040047	1.041445	0.983333	1.116803
0.927856	1.000000	1.739729	0.502046	1.044930	1.038665	0.945301	1.002745	1.038331	1.034061	0.984692	1.129391
0.929860	1.000000	1.743487	0.489155	1.057258	1.035954	0.948656	1.004680	1.036247	1.025953	0.986350	1.137739
0.931864	1.000000	1.747244	0.476203	1.069814	1.033093	0.952182	1.006637	1.033798	1.017223	0.988284	1.141269
0.933868	1.000000	1.751002	0.463191	1.082598	1.030079	0.955881	1.008602	1.030989	1.007989	0.990464	1.139533
0.935872	1.000000	1.754760	0.450119	1.095613	1.026909	0.959757	1.010565	1.027831	0.998388	0.992855	1.132250
0.937876	1.000000	1.758517	0.436986	1.108859	1.023581	0.963815	1.012510	1.024338	0.988576	0.995413	1.119339
0.939880	1.000000	1.762275	0.423793	1.122337	1.020092	0.968059	1.014424	1.020527	0.978727	0.998089	1.100950
0.941884	1.000000	1.766032	0.410541	1.136049	1.016438	0.972492	1.016291	1.016421	0.969032	1.000829	1.077489
0.943888	1.000000	1.769790	0.397227	1.149995	1.012616	0.977118	1.018094	1.012047	0.959696	1.003572	1.049638
0.945892	1.000000	1.773547	0.383854	1.164178	1.008625	0.981942	1.019815	1.007437	0.950939	1.006252	1.018367
0.947896	1.000000	1.777305	0.370420	1.178597	1.004459	0.986967	1.021435	1.002629	0.942990	1.008802	0.984928
0.949900	1.000000	1.781062	0.356926	1.193255	1.000118	0.992197	1.022933	0.997664	0.936086	1.011150	0.950837
0.951904	1.000000	1.784820	0.343372	1.208152	0.995596	0.997638	1.024288	0.992593	0.930465	1.013225	0.917839
0.953908	1.000000	1.788577	0.329758	1.223290	0.990893	1.003293	1.025476	0.987472	0.926363	1.014956	0.887853
0.955912	1.000000	1.792335	0.316083	1.238670	0.986003	1.009166	1.026473	0.982361	0.924009	1.016273	0.862884
0.957916	1.000000	1.796092	0.302348	1.254293	0.980925	1.015262	1.027253	0.977332	0.923612	1.017115	0.844928
0.959920	1.000000	1.799850	0.288553	1.270160	0.975655	1.021586	1.027788	0.972460	0.925358	1.017425	0.835831
0.961924	1.000000	1.803607	0.274698	1.286273	0.970190	1.028141	1.028051	0.967832	0.929398	1.017157	0.837142
0.963928	1.000000	1.807365	0.260782	1.302632	0.964526	1.034933	1.028010	0.963541	0.935833	1.016281	0.849929
0.965932	1.000000	1.811122	0.246806	1.319239	0.958662	1.041965	1.027632	0.959689	0.944709	1.014780	0.874592
0.967936	1.000000	1.814880	0.232770	1.336095	0.952593	1.049243	1.026885	0.956387	0.955990	1.012660	0.910662
0.969940	1.000000	1.818637	0.218674	1.353201	0.946316	1.056772	1.025733	0.953758	0.969550	1.009951	0.956610
0.971944	1.000000	1.822395	0.204517	1.370559	0.939828	1.064555	1.024138	0.951932	0.985150	1.006710	1.009696
0.973948	1.000000	1.826152	0.190300	1.388169	0.933126	1.072599	1.022061	0.951052	1.002414	1.003028	1.065863
0.975952	1.000000	1.829910	0.176023	1.406033	0.926206	1.080907	1.019462	0.951271	1.020807	0.999033	1.119744
0.977956	1.000000	1.833667	0.161686	1.424152	0.919066	1.089485	1.016296	0.952754	1.039605	0.994893	1.164817
0.979960	1.000000	1.837425	0.147289	1.442527	0.911702	1.098338	1.012520	0.955679	1.057864	0.990823	1.193781
0.981964	1.000000	1.841182	0.132831	1.461159	0.904110	1.107471	1.008085	0.960235	1.074385	0.987088	1.199245
0.983968	1.000000	1.844940	0.118313	1.480050	0.896288	1.116889	1.002943	0.966625	1.087677	0.984005	1.174831
0.985972	1.000000	1.848697	0.103735	1.499200	0.888232	1.126597	0.997043	0.975066	1.095911	0.981951	1.116848
0.987976	1.000000	1.852455	0.089096	1.518612	0.879938	1.136600	0.990330	0.985790	1.096876	0.981362	1.026691
0.989980	1.000000	1.856212	0.074397	1.538285	0.871404	1.146904	0.982748	0.999041	1.087923	0.982736	0.914200
0.991984	1.000000	1.859970	0.059638	1.558222	0.862625	1.157514	0.974240	1.015082	1.065909	0.986636	0.802235
0.993988	1.000000	1.863727	0.044819	1.578423	0.853599	1.168436	0.964745	1.034189	1.027137	0.993688	0.732791
0.995992	1.000000	1.867485	0.029940	1.598890	0.844321	1.179674	0.954199	1.056657	0.967278	1.004581	0.775050
0.997996	1.000000	1.871242	0.015000	1.619623	0.834790	1.191236	0.942535	1.082797	0.881304	1.020060	1.035858
1.000000	1.000000	1.875000	-0.000000	1.640625	0.825000	1.203125	0.929687	1.112937	0.763398	1.040925	1.673181
